FRAMES = 10
HIGH = 2.9679
LOW = 2.80671
AVG = 2.89793
